#JOSM PicLayer plugin calibration data
#Sun Nov 09 15:45:44 EST 2025
INITIAL_SCALE=2.8900593764069815
M00=1.5015754026238048
M01=0.5485117673079826
M02=-172.10910193748228
M10=-0.5537967287610505
M11=1.518246626547347
M12=-408.39803778937005
POSITION_X=-8539451.581779493
POSITION_Y=4758241.209208888
