#JOSM PicLayer plugin calibration data
#Sun Nov 09 15:45:40 EST 2025
INITIAL_SCALE=11.56017865029891
M00=0.3194682165085075
M01=0.11031753224973322
M02=-6.931606238811212
M10=-0.11031753224973322
M11=0.3194682165085075
M12=-35.110602558560394
POSITION_X=-8539428.726361582
POSITION_Y=4758220.014654134
