#JOSM PicLayer plugin calibration data
#Sun Nov 09 14:41:43 EST 2025
INITIAL_SCALE=11.848688944527694
M00=0.38272011621366037
M01=0.14889156028567047
M02=412.7374851976674
M10=-0.15066418109299753
M11=0.38799117968061986
M12=22.18360372470226
POSITION_X=-8539969.767029604
POSITION_Y=4758315.435057645
