#JOSM PicLayer plugin calibration data
#Sun Nov 09 14:41:50 EST 2025
INITIAL_SCALE=6.861289937640653
M00=0.6610065295492978
M01=0.24769306344046105
M02=37.48776816343857
M10=-0.26055951264424604
M11=0.6719623997618434
M12=-4.797821210663667
POSITION_X=-8539910.26498195
POSITION_Y=4758308.068592194
