#JOSM PicLayer plugin calibration data
#Sun Nov 02 18:32:22 EST 2025
INITIAL_SCALE=11.848688944527694
M00=0.38079835879922036
M01=0.15043899776150021
M02=411.9671229116277
M10=-0.1461717136760008
M11=0.36832685521570924
M12=24.299123073730577
POSITION_X=-8539967.82624568
POSITION_Y=4758315.136475503
