#JOSM PicLayer plugin calibration data
#Sun Nov 02 19:02:58 EST 2025
INITIAL_SCALE=6.861289937640653
M00=0.6400691121268717
M01=0.24917893476762407
M02=34.24170022581043
M10=-0.2330664271754357
M11=0.5799662999812588
M12=18.154387728515033
POSITION_X=-8539907.876324818
POSITION_Y=4758310.531894863
